56978809310
56978824970
56978841098
56978856583
56978891190
56978902256
56978908984
56978916661
56978928081
56978961066
56978963877
56978979577
56978981953
56979500002
56979523518
56979537312
56979537831
56979542924
56979547374
56979548926
56979559858
56979575387
56979609497
56979634184
56979639502
56979693475
56979707271
56979722417
56979743187
56979775122
56979805493
56979807075
56979811230
56979859508
56979916966
56979921048
56979942714
56979944750
56979947999
56981303392
56981320965
56981384728
56981502761
56981516011
56981520704
56981535696
56981536718
56981538411
56981576898
56981818008
56981820626
56981838606
56981844908
56981878687
56981904941
56981905181
56981914178
56981922367
56981927812
56981942995
56981976150
56982031093
56982050419
56982053536
56982066978
56982093975
56982094805
56982132152
56982134253
56982170368
56982180924
56982182393
56982182839
56982196044
56982206292
56982245667
56982251189
56982275204
56982288912
56982296665
56982346482
56982363971
56982375060
56982386946
56982389154
56982402035
56982415414
56982440135
56982473609
56982506956
56982517744
56982560255
56982568775
56982569859
56982573303
56982577866
56982578276
56982579143
56982580953
56982581896
56982582255
56982583601
56982584264
56982585244
56982586848
56982586926
56982590329
56982590773
56982591304
56982594958
56982600320
56982601989
56982603924
56982604345
56982604574
56982608277
56982608292
56982609318
56982610443
56982611192
56982613229
56982615267
56982615342
56982617720
56982619339
56982620041
56982620940
56982621339
56982621820
56982625714
56982625949
56982626507
56982627798
56982628173
56982628861
56982629009
56982629223
56982631174
56982631297
56982632097
56982636102
56982637876
56982638171
56982638204
56982638257
56982638559
56982639038
56982639053
56982639693
56982639986
56982640901
56982644436
56982646668
56982651249
56982652416
56982652673
56982653699
56982654650
56982656223
56982656488
56982657102
56982657694
56982657828
56982658811
56982658914
56982659984
56982660127
56982660337
56982660812
56982660870
56982660902
56982661490
56982661696
56982663432
56982663562
56982664558
56982665931
56982666702
56982666815
56982667982
56982668996
56982669152
56982670043
56982670114
56982671386
56982671523
56982671942
56982672166
56982672324
56982672511
56982672558
56982672670
56982673773
56982674445
56982675796
56982675892
56982677589
56982677655
56982678399
56982680975
56982681379
56982681592
56982683476
56982684233
56982684685
56982684974
56982685713
56982686640
56982687890
56982689111
56982690731
56982690880
56982692217
56982694295
56982695225
56982695487
56982696859
56982697079
56982699049
56982699793
56982700194
56982701505
56982702360
56982702374
56982702625
56982702785
56982704294
56982704588
56982704709
56982706317
56982706487
56982707481
56982707602
56982708278
56982708850
56982709775
56982711038
56982711262
56982711790
56982712886
56982713366
56982713642
56982713719
56982714635
56982717172
56982717359
56982717897
56982719044
56982719781
56982720617
56982720786
56982722629
56982722760
56982722827
56982723020
56982723326
56982723329
56982723981
56982724444
56982725073
56982725439
56982725641
56982725785
56982726262
56982727064
56982727802
56982729220
56982732008
56982732142
56982732158
56982733744
56982734333
56982735196
56982736360
56982736798
56982737380
56982740027
56982740631
56982740734
56982740917
56982741052
56982742375
56982742707
56982743686
56982745205
56982746179
56982746779
56982746931
56982747102
56982747345
56982748040
56982748062
56982748442
56982749779
56982753587
56982753623
56982756004
56982756457
56982757456
56982758215
56982758273
56982758310
56982758670
56982759174
56982759392
56982760833
56982761134
56982761234
56982764095
56982764571
56982765084
56982765295
56982766083
56982766278
56982766296
56982767224
56982767795
56982768400
56982768501
56982768668
56982769056
56982769273
56982771030
56982771261
56982772262
56982772367
56982772447
56982773162
56982774880
56982775018
56982776537
56982777058
56982779216
56982779593
56982779717
56982779941
56982780824
56982780834
56982780940
56982781797
56982783549
56982783968
56982784629
56982784765
56982784873
56982785528
56982786002
56982786185
56982786308
56982787004
56982787182
56982787516
56982787770
56982788130
56982789399
56982790390
56982790729
56982791586
56982792865
56982793039
56982795159
56982795852
56982797788
56982798455
56982799499
56982799877
56982801695
56982803239
56982803619
56982806310
56982806482
56982806497
56982807377
56982807850
56982808291
56982808316
56982809687
56982809848
56982809915
56982810222
56982810801
56982811033
56982811526
56982811575
56982811767
56982811967
56982812083
56982813254
56982813297
56982815761
56982816916
56982817092
56982817260
56982817912
56982817986
56982818298
56982818444
56982818833
56982819560
56982819894
56982820056
56982820129
56982820561
56982820866
56982821358
56982823212
56982825609
56982825722
56982826030
56982826073
56982826478
56982828717
56982829329
56982830096
56982831355
56982832551
56982833306
56982833416
56982833771
56982833813
56982833882
56982834872
56982835045
56982835386
56982835657
56982836482
56982837724
56982837930
56982838445
56982838843
56982838884
56982839446
56982839477
56982839512
56982839805
56982839939
56982840184
56982841412
56982841723
56982842912
56982843832
56982844338
56982844656
56982845112
56982848101
56982849250
56982849317
56982849736
56982852098
56982852301
56982853323
56982853772
56982854848
56982855341
56982855905
56982857113
56982862229
56982862537
56982863008
56982863709
56982864403
56982864517
56982864615
56982865260
56982865298
56982865342
56982865461
56982865920
56982866138
56982866342
56982866570
56982867165
56982868179
56982868346
56982868771
56982869056
56982869068
56982869191
56982869232
56982871137
56982877941
56982878281
56982878418
56982878534
56982880586
56982880608
56982881682
56982881970
56982884134
56982885103
56982885225
56982892769
56982894510
56982896891
56982901358
56982902208
56982902228
56982903026
56982904114
56982904120
56982905157
56982905618
56982905788
56982905827
56982906664
56982907707
56982908847
56982911633
56982912520
56982915251
56982915504
56982916044
56982917350
56982917604
56982917798
56982918336
56982921898
56982922436
56982922860
56982923200
56982926109
56982926819
56982928550
56982928599
56982929018
56982929898
56982930412
56982931613
56982933053
56982933485
56982936664
56982940163
56982944183
56982946968
56982948190
56982950127
56982950547
56982951218
56982951659
56982952395
56982952980
56982953925
56982954877
56982955871
56982958910
56982958944
56982961256
56982962873
56982963749
56982965264
56982965593
56982965716
56982966176
56982966866
56982967802
56982968289
56982970469
56982971751
56982971753
56982972120
56982973878
56982974360
56982974399
56982974721
56982975084
56982976154
56982976360
56982976375
56982976647
56982976820
56982977313
56982978465
56982978540
56982978891
56982979745
56982980202
56982980363
56982980410
56982980977
56982981077
56982983404
56982985451
56982986879
56982987789
56982988607
56982988885
56982989157
56982989695
56982989853
56982989936
56982993385
56982993707
56982995551
56982996052
56982997595
56982998093
56983014035
56983031159
56983037609
56983057351
56983063940
56983147073
56983156381
56983245176
56983339622
56983460360
56983500344
56983534442
56983596710
56983596769
56983604306
56983610670
56983630653
56983644812
56983646331
56983662338
56983701536
56983709266
56983747744
56983806288
56983869980
56983946289
56984000662
56984000996
56984004407
56984005601
56984005716
56984006340
56984006518
56984006669
56984006837
56984007081
56984007860
56984008014
56984008047
56984008139
56984008525
56984008817
56984010493
56984011119
56984011759
56984011911
56984012523
56984013078
56984014052
56984015161
56984015216
56984017581
56984017729
56984018647
56984019344
56984019369
56984019413
56984019582
56984019628
56984020650
56984020976
56984021512
56984021797
56984022037
56984022732
56984023257
56984026928
56984027959
56984029381
56984030043
56984030530
56984031902
56984032106
56984032329
56984032853
56984032885
56984033187
56984033340
56984033509
56984033571
56984033636
56984034796
56984035160
56984035852
56984038071
56984038968
56984044849
56984045415
56984046350
56984049135
56984050053
56984050512
56984052591
56984052608
56984053381
56984054255
56984056626
56984058215
56984060298
56984060448
56984060964
56984062734
56984063913
56984065049
56984066539
56984068774
56984069127
56984069395
56984070367
56984070757
56984072396
56984075358
56984076484
56984077247
56984079764
56984080717
56984081025
56984081041
56984081859
56984084024
56984084864
56984084883
56984085838
56984089698
56984091215
56984093969
56984094301
56984095106
56984095890
56984096934
56984099789
56984100341
56984103970
56984104220
56984104432
56984105985
56984106498
56984106721
56984109794
56984110956
56984111291
56984111384
56984115408
56984116641
56984117599
56984118251
56984118519
56984118846
56984119354
56984121023
56984121087
56984121986
56984125448
56984129089
56984129313
56984131635
56984132784
56984134175
56984134347
56984134534
56984135455
56984137514
56984138503
56984139514
56984141088
56984141719
56984142754
56984142790
56984143853
56984143879
56984144461
56984145434
56984145652
56984148721
56984148889
56984150896
56984151726
56984151873
56984154444
56984154948
56984155331
56984158252
56984158401
56984160689
56984160763
56984162643
56984163834
56984164523
56984165314
56984166697
56984167831
56984167908
56984168087
56984170328
56984171810
56984177845
56984179917
56984180884
56984183502
56984183732
56984192243
56984193070
56984193292
56984193346
56984196385
56984198545
56984199885
56984203642
56984204287
56984205410
56984206451
56984206545
56984213078
56984213529
56984213539
56984213958
56984215972
56984216124
56984217164
56984220131
56984221048
56984221690
56984222053
56984225135
56984226586
56984226866
56984227268
56984227385
56984229730
56984230889
56984231235
56984231820
56984232445
56984233181
56984234377
56984234439
56984235987
56984236438
56984236896
56984238464
56984238682
56984238895
56984239907
56984241304
56984242208
56984242294
56984243806
56984244263
56984245072
56984245533
56984245962
56984246957
56984248428
56984251603
56984251696
56984253252
56984253509
56984254186
56984254393
56984255693
56984256113
56984258199
56984258670
56984259501
56984260495
56984262166
56984264248
56984264304
56984266416
56984266484
56984266577
56984267115
56984267533
56984269751
56984273524
56984274061
56984274310
56984274458
56984274667
56984274769
56984275480
56984275630
56984277596
56984277845
56984278968
56984278999
56984279094
56984279190
56984281110
56984281884
56984285566
56984286421
56984288042
56984289522
56984291894
56984293124
56984297644
56984297917
56984298268
56984299281
56984300395
56984300750
56984300770
56984301222
56984301679
56984302246
56984302751
56984303016
56984303856
56984303983
56984304231
56984304860
56984305261
56984306964
56984309664
56984310008
56984310225
56984310292
56984312355
56984312385
56984314569
56984314839
56984316034
56984316940
56984317200
56984319103
56984322424
56984323091
56984323735
56984323880
56984324386
56984324577
56984324859
56984325556
56984325939
56984326247
56984326952
56984327021
56984327062
56984330330
56984331419
56984334102
56984335161
56984335992
56984336048
56984336858
56984337158
56984338772
56984339332
56984340616
56984341456
56984342230
56984343869
56984344772
56984345960
56984346569
56984346936
56984348415
56984348767
56984349911
56984350707
56984350711
56984353111
56984354982
56984355416
56984355764
56984358026
56984359043
56984360217
56984360468
56984361562
56984361694
56984363829
56984363958
56984364513
56984365480
56984367074
56984367080
56984369156
56984370311
56984370482
56984370893
56984370974
56984371576
56984372197
56984372485
56984375280
56984375623
56984377640
56984377658
56984377800
56984381579
56984381677
56984382294
56984383857
56984384830
56984385601
56984385645
56984386420
56984387342
56984387769
56984389555
56984390010
56984396307
56984397242
56984400395
56984400867
56984400982
56984404798
56984405248
56984405549
56984405849
56984407806
56984408234
56984408275
56984408659
56984409846
56984410196
56984410306
56984410988
56984411590
56984412533
56984413719
56984417111
56984418288
56984419041
56984420006
56984421742
56984422578
56984425220
56984427232
56984427870
56984428763
56984430936
56984431592
56984433746
56984434267
56984436136
56984438629
56984438655
56984440087
56984441554
56984444614
56984450370
56984450999
56984452329
56984454147
56984457055
56984458466
56984461202
56984461823
56984462547
56984464778
56984466601
56984466724
56984466867
56984467575
56984467799
56984469283
56984469612
56984469804
56984470134
56984470436
56984471594
56984473883
56984475203
56984478628
56984479474
56984479554
56984479607
56984480347
56984480773
56984480870
56984481076
56984481158
56984483027
56984484778
56984487228
56984489283
56984491163
56984491450
56984492892
56984493341
56984495189
56984495487
56984496542
56984496852
56984497018
56984497112
56984497900
56984498895
56984499299
56984500487
56984500526
56984501742
56984502430
56984502906
56984503689
56984504118
56984505428
56984506677
56984507369
56984508495
56984508649
56984508744
56984510189
56984510526
56984510854
56984511420
56984511451
56984511582
56984512396
56984512443
56984513459
56984514216
56984514268
56984514988
56984515705
56984516932
56984517375
56984517479
56984517496
56984518352
56984518689
56984518902
56984519653
56984519861
56984520260
56984520357
56984521125
56984522564
56984523513
56984524335
56984524706
56984524935
56984525538
56984525557
56984525778
56984526199
56984526350
56984526552
56984528300
56984530068
56984530184
56984530993
56984531229
56984532786
56984532851
56984533027
56984533738
56984535400
56984535859
56984537309
56984537635
56984539820
56984540456
56984541115
56984541587
56984541728
56984541792
56984541843
56984542336
56984542821
56984542832
56984542990
56984543169
56984543628
56984543896
56984543968
56984544085
56984544107
56984544227
56984544447
56984544996
56984546553
56984546914
56984546931
56984548031
56984548047
56984548089
56984548349
56984549153
56984549841
56984549862
56984549893
56984552267
56984553613
56984554111
56984554130
56984554255
56984554419
56984554921
56984556118
56984557251
56984557737
56984557832
56984557992
56984558609
56984559557
56984559953
56984560225
56984560513
56984560659
56984560896
56984561608
56984561667
56984562022
56984562090
56984562602
56984563069
56984563169
56984563786
56984564121
56984564138
56984564353
56984564891
56984566377
56984567320
56984567335
56984567955
56984568258
56984568539
56984570479
56984570693
56984570873
56984571240
56984572699
56984573276
56984573967
56984574135
56984574854
56984575018
56984575091
56984575172
56984575463
56984575535
56984576816
56984577917
56984578134
56984578541
56984578603
56984578792
56984579044
56984579129
56984580062
56984580151
56984580448
56984580609
56984580791
56984580985
56984581886
56984581967
56984583850
56984583861
56984583896
56984584209
56984585334
56984585437
56984587546
56984589552
56984590243
56984590446
56984590849
56984591199
56984591374
56984591412
56984591919
56984592756
56984593438
56984593840
56984594553
56984594586
56984595435
56984596958
56984597678
56984598512
56984598992
56984599491
56984600117
56984600158
56984600174
56984601725
56984602080
56984602833
56984603599
56984603742
56984603867
56984603939
56984604036
56984604045
56984604359
56984604658
56984604676
56984604724
56984605088
56984607921
56984608964
56984608999
56984609509
56984609528
56984610622
56984610694
56984610737
56984611957
56984612198
56984612560
56984612788
56984613034
56984613155
56984613973
56984614393
56984615391
56984615747
56984616228
56984616338
56984617290
56984617551
56984618321
56984618456
56984618858
56984618925
56984619188
56984619498
56984619921
56984620009
56984620054
56984620730
56984621416
56984621850
56984623737
56984624212
56984624778
56984624819
56984624918
56984624957
56984625129
56984625905
56984625952
56984626391
56984626535
56984627573
56984627764
56984628006
56984628132
56984628149
56984628321
56984629195
56984629482
56984629626
56984630014
56984630405
56984630516
56984633455
56984633588
56984634488
56984635438
56984635483
56984635533
56984635682
56984636058
56984636286
56984636693
56984637050
56984637657
56984637712
56984637794
56984637916
56984638951
56984639025
56984639265
56984639672
56984639750
56984641046
56984642984
56984645663
56984645806
56984647170
56984648663
56984649548
56984650453
56984650682
56984651511
56984652541
56984653051
56984653079
56984653766
56984653857
56984653910
56984654027
56984654974
56984655011
56984655477
56984655945
56984656274
56984656529
56984656703
56984657026
56984657075
56984657239
56984657943
56984658001
56984658445
56984658648
56984660650
56984660878
56984661721
56984662185
56984662210
56984662259
56984662716
56984663095
56984663264
56984663807
56984663988
56984664156
56984664669
56984664978
56984665354
56984666980
56984667755
56984667796
56984667838
56984669645
56984670771
56984670778
56984671823
56984671890
56984672308
56984672484
56984673263
56984675001
56984675428
56984675484
56984675671
56984676378
56984676498
56984677358
56984677377
56984677567
56984677611
56984677682
56984678552
56984678622
56984678744
56984679528
56984679991
56984680940
56984680990
56984681546
56984681581
56984681607
56984681805
56984683223
56984683842
56984684960
56984685027
56984685230
56984685861
56984686593
56984686614
56984687657
56984688168
56984688809
56984689182
56984689321
56984689786
56984690296
56984690356
56984690674
56984692105
56984692381
56984693629
56984693994
56984694222
56984694240
56984694396
56984694481
56984694661
56984694813
56984695101
56984695147
56984695190
56984697281
56984697639
56984697669
56984698211
56984698424
56984698486
56984698687
56984699335
56984699904
56984700062
56984700693
56984701779
56984703139
56984704003
56984705067
56984706065
56984707206
56984707597
56984708462
56984708578
56984708879
56984709035
56984709329
56984709386
56984710212
56984710739
56984712044
56984712349
56984713162
56984713342
56984714042
56984715096
56984716930
56984716962
56984717560
56984717630
56984717641
56984717976
56984718308
56984718703
56984719450
56984719791
56984720711
56984720911
56984720984
56984721222
56984721449
56984729698
56984731701
56984734374
56984734806
56984734889
56984734973
56984736779
56984737045
56984737193
56984737523
56984737646
56984741099
56984741277
56984741795
56984741843
56984742963
56984743590
56984745478
56984746140
56984746175
56984748245
56984748417
56984749244
56984750633
56984750732
56984751092
56984751158
56984751921
56984754037
56984754599
56984755669
56984756029
56984757304
56984757618
56984758120
56984761650
56984761968
56984762071
56984762266
56984764114
56984764148
56984764584
56984764649
56984766105
56984766413
56984767224
56984770951
56984772095
56984774420
56984775270
56984776908
56984777401
56984777466
56984777712
56984779905
56984780380
56984782236
56984783628
56984783816
56984784312
56984784622
56984785578
56984785675
56984786568
56984786796
56984789332
56984790776
56984790881
56984791805
56984792291
56984795364
56984858704
56984895810
56984915089
56984925156
56984953106
56984967992
56985080571
56985158450
56985268474
56985307692
56985308342
56985322709
56985337757
56985377835
56985623894
56985756315
56985758810
56985766225
56985836564
56985854177
56986034774
56986052505
56986064170
56986075469
56986092201
56986127085
56986183887
56986185660
56986191194
56986194110
56986217960
56986320440
56986391938
56986406075
56986453692
56986558795
56986571914
56986599148
56986800164
56986831512
56986859121
56986888644
56986951968
56986966199
56987035102
56987118997
56987185811
56987190245
56987201237
56987201719
56987201775
56987202963
56987204249
56987206735
56987207103
56987207430
56987208797
56987209731
56987211639
56987211689
56987213117
56987213467
56987213701
56987213969
56987215048
56987215066
56987215275
56987215583
56987216127
56987218118
56987218841
56987219269
56987219353
56987220214
56987220642
56987220805
56987220870
56987221087
56987221675
56987222301
56987223190
56987224353
56987224357
56987224990
56987225781
56987226168
56987226327
56987226614
56987226997
56987227192
56987227276
56987227637
56987227726
56987228584
56987232258
56987232569
56987232860
56987233734
56987233770
56987233877
56987234759
56987235232
56987237052
56987237404
56987238350
56987238512
56987239418
56987241119
56987243710
56987244957
56987244998
56987245132
56987247417
56987248778
56987250678
56987250768
56987253547
56987257126
56987257778
56987257907
56987258058
56987258277
56987258629
56987261970
56987263108
56987263354
56987264306
56987264494
56987264725
56987264830
56987264866
56987264956
56987265691
56987265714
56987265740
56987269522
56987269723
56987271675
56987271751
56987272256
56987272373
56987272431
56987274756
56987275960
56987281343
56987283250
56987289823
56987289981
56987290846
56987299537
56987299697
56987299810
56987300268
56987300627
56987300743
56987300787
56987301089
56987302785
56987303890
56987304819
56987305342
56987305418
56987305476
56987305608
56987306066
56987306104
56987307249
56987309316
56987309348
56987309950
56987310590
56987310717
56987311693
56987311838
56987311883
56987312844
56987312950
56987313324
56987314971
56987315214
56987315310
56987315584
56987315929
56987316855
56987317366
56987317598
56987317688
56987318043
56987318467
56987320155
56987320852
56987321937
56987322769
56987323152
56987323360
56987325416
56987326291
56987327926
56987328125
56987328269
56987328685
56987330199
56987331059
56987331594
56987331661
56987331710
56987331828
56987332097
56987332791
56987333166
56987334265
56987334316
56987334662
56987334783
56987335220
56987335236
56987337122
56987337162
56987338142
56987338806
56987339468
56987340515
56987342968
56987343436
56987343672
56987344196
56987344386
56987344710
56987345601
56987345893
56987346145
56987347175
56987347360
56987347503
56987348239
56987348340
56987349175
56987350368
56987350640
56987350769
56987350894
56987351284
56987351646
56987352747
56987353003
56987353561
56987354258
56987355465
56987355742
56987355772
56987356558
56987357590
56987358218
56987358419
56987358760
56987358846
56987359762
56987360387
56987360663
56987361001
56987361199
56987361901
56987362131
56987362522
56987362783
56987362997
56987363616
56987365507
56987365583
56987367101
56987367914
56987368537
56987369397
56987369657
56987370240
56987371290
56987371299
56987372261
56987372864
56987373649
56987373704
56987374649
56987375259
56987375564
56987376240
56987377679
56987378580
56987378703
56987379152
56987379682
56987380060
56987380249
56987380504
56987380925
56987381136
56987382461
56987382493
56987382846
56987383094
56987383147
56987383476
56987383620
56987383965
56987384054
56987384135
56987385738
56987385907
56987386329
56987387460
56987387746
56987387940
56987388391
56987388398
56987388919
56987388941
56987389720
56987389865
56987390459
56987392361
56987392393
56987392456
56987392605
56987392750
56987393213
56987394262
56987394278
56987394740
56987395069
56987395203
56987395244
56987395882
56987395989
56987396572
56987396682
56987396825
56987397263
56987397771
56987397824
56987398689
56987399534
56987400010
56987400020
56987402177
56987402323
56987402948
56987403458
56987404106
56987405948
56987407318
56987407487
56987408685
56987408908
56987409177
56987409830
56987409903
56987410811
56987410928
56987412133
56987412227
56987413113
56987413247
56987414039
56987414181
56987414245
56987414991
56987415015
56987417103
56987418214
56987419434
56987419692
56987419858
56987420636
56987420929
56987421076
56987421277
56987421495
56987421744
56987421882
56987421966
56987422119
56987422344
56987422439
56987422446
56987422574
56987422708
56987423603
56987424052
56987424946
56987426190
56987427157
56987427260
56987427333
56987427449
56987427919
56987427944
56987427981
56987428138
56987428187
56987428476
56987428633
56987430167
56987431073
56987433299
56987433339
56987433409
56987435495
56987435514
56987437320
56987438599
56987439499
56987443091
56987444386
56987444416
56987445062
56987445107
56987445867
56987445897
56987446724
56987446875
56987447224
56987447271
56987448273
56987448854
56987450660
56987450837
56987451721
56987452713
56987453286
56987453337
56987454169
56987454417
56987454475
56987454676
56987455370
56987455450
56987456103
56987456923
56987457359
56987457823
56987458233
56987459408
56987460192
56987460662
56987460669
56987462286
56987462305
56987462349
56987462588
56987462728
56987462802
56987463225
56987463573
56987464673
56987464691
56987465721
56987466161
56987467187
56987468959
56987469056
56987469548
56987470262
56987470506
56987470918
56987471084
56987471093
56987471240
56987471956
56987472467
56987473253
56987473716
56987473732
56987474905
56987475088
56987476102
56987476572
56987476868
56987477599
56987477751
56987479296
56987479792
56987480302
56987481492
56987481504
56987482493
56987482498
56987482645
56987483485
56987484526
56987484823
56987485184
56987485267
56987485534
56987485606
56987485808
56987485858
56987487156
56987487711
56987488064
56987488173
56987488394
56987488901
56987489773
56987490189
56987490538
56987490961
56987491417
56987492612
56987492704
56987493171
56987493588
56987494447
56987494502
56987494932
56987495750
56987495970
56987496035
56987496081
56987496142
56987496900
56987496974
56987497489
56987497701
56987497936
56987498154
56987498379
56987499489
56987500280
56987501366
56987501410
56987502409
56987502813
56987503271
56987503898
56987505717
56987506513
56987506723
56987507596
56987507868
56987508686
56987509111
56987509210
56987510135
56987510571
56987510704
56987512449
56987513978
56987514080
56987515797
56987515873
56987516078
56987517106
56987517627
56987517798
56987519032
56987519146
56987522030
56987522554
56987522955
56987523555
56987523590
56987524363
56987524676
56987527169
56987528051
56987528475
56987528631
56987528817
56987529228
56987529991
56987530530
56987530531
56987530952
56987532321
56987534691
56987535728
56987538132
56987539144
56987539481
56987539884
56987542265
56987543086
56987544408
56987544690
56987546693
56987547066
56987549069
56987549689
56987549989
56987551995
56987552920
56987553735
56987554317
56987556525
56987556804
56987556843
56987557599
56987558322
56987558913
56987559365
56987559628
56987560867
56987561056
56987561618
56987563352
56987564044
56987564137
56987565361
56987566239
56987566873
56987569561
56987570421
56987570474
56987570722
56987571191
56987571885
56987575011
56987575109
56987579164
56987580220
56987580358
56987581070
56987581630
56987581973
56987585245
56987585920
56987586086
56987587966
56987588025
56987588373
56987588967
56987589545
56987592638
56987593069
56987594003
56987595648
56987598267
56987598641
56987598901
56987599570
56987600333
56987602819
56987602970
56987603046
56987603141
56987603291
56987604910
56987605327
56987605752
56987606255
56987607771
56987607989
56987608233
56987608251
56987610997
56987611574
56987612810
56987615498
56987615565
56987617837
56987617866
56987618897
56987619013
56987620589
56987621078
56987621945
56987622323
56987622716
56987623652
56987623914
56987626032
56987627680
56987629200
56987630409
56987632285
56987635212
56987636050
56987636662
56987636899
56987637093
56987638117
56987640095
56987643055
56987643752
56987645700
56987646298
56987646728
56987651892
56987652032
56987653743
56987654667
56987658658
56987658868
56987659678
56987661734
56987662101
56987662202
56987662923
56987663274
56987664253
56987664532
56987664916
56987666967
56987667087
56987667281
56987667771
56987668034
56987668349
56987669024
56987669329
56987672168
56987673822
56987673988
56987674901
56987675180
56987675977
56987676030
56987678829
56987679701
56987679791
56987681865
56987689539
56987689599
56987690594
56987691927
56987692930
56987692997
56987695183
56987695286
56987696734
56987697068
56987702818
56987703949
56987771155
56987824349
56987856510
56988037531
56988101513
56988102441
56988103280
56988105473
56988105736
56988106194
56988106242
56988110787
56988113358
56988114232
56988115949
56988116764
56988116928
56988117851
56988118751
56988118893
56988120121
56988120927
56988122476
56988124026
56988125204
56988125205
56988125957
56988126161
56988126909
56988127003
56988127848
56988129020
56988129042
56988129096
56988130049
56988130554
56988132792
56988135030
56988135136
56988135502
56988136237
56988138878
56988139092
56988139831
56988140014
56988141492
56988143693
56988147782
56988148738
56988150290
56988150385
56988153224
56988154511
56988155117
56988155785
56988157253
56988157916
56988158595
56988158801
56988159477
56988161988
56988163123
56988164372
56988164375
56988165278
56988166229
56988167120
56988167689
56988167902
56988169154
56988169519
56988169610
56988170284
56988171382
56988173622
56988174139
56988174520
56988174962
56988175237
56988177233
56988177586
56988177807
56988178077
56988178686
56988178738
56988183358
56988183684
56988185195
56988190989
56988193607
56988195530
56988196180
56988199167
56988201427
56988201692
56988202066
56988203771
56988204510
56988204883
56988207871
56988210156
56988210557
56988210942
56988212701
56988213431
56988214924
56988215213
56988215331
56988215582
56988215765
56988218675
56988219777
56988221076
56988222693
56988223373
56988224096
56988224341
56988224426
56988226862
56988227741
56988228605
56988228680
56988229175
56988229289
56988232217
56988233095
56988233990
56988238717
56988238795
56988239396
56988240243
56988240570
56988240848
56988243433
56988247748
56988249436
56988250135
56988250312
56988251814
56988253295
56988253995
56988254637
56988256420
56988256905
56988257854
56988259055
56988259538
56988259826
56988260012
56988261395
56988266336
56988266854
56988267597
56988268637
56988273213
56988276735
56988279603
56988282267
56988283065
56988283145
56988285709
56988286342
56988295540
56988296726
56988297368
56988298191
56988300408
56988301323
56988302010
56988303181
56988305359
56988307073
56988307436
56988309961
56988311351
56988315515
56988318399
56988320394
56988321097
56988321347
56988321938
56988322354
56988323144
56988323204
56988324324
56988324408
56988324516
56988325255
56988325461
56988327470
56988329014
56988331153
56988331809
56988332172
56988332759
56988333850
56988334237
56988335659
56988336047
56988336874
56988336947
56988337571
56988337963
56988339598
56988340819
56988341245
56988341796
56988342840
56988343804
56988344584
56988344941
56988347028
56988348329
56988348689
56988348992
56988349011
56988349157
56988350486
56988351789
56988352196
56988352577
56988354606
56988354750
56988355038
56988355200
56988355537
56988357721
56988358130
56988361068
56988361196
56988361676
56988363097
56988364481
56988366172
56988366397
56988366558
56988366582
56988367341
56988367641
56988367783
56988368797
56988368883
56988370900
56988374869
56988375433
56988382118
56988385954
56988387642
56988388335
56988389462
56988389809
56988390915
56988455281
56988616708
56988647733
56988670724
56988687223
56988781395
56988803969
56988805983
56988806759
56988807592
56988808133
56988809369
56988812088
56988817722
56988818042
56988821732
56988825751
56988826024
56988826347
56988826877
56988827404
56988828780
56988830077
56988831245
56988832778
56988834980
56988835386
56988838687
56988841763
56988842380
56988843415
56988843852
56988843947
56988844109
56988844428
56988844548
56988844643
56988844685
56988845439
56988848269
56988848788
56988850167
56988852937
56988855346
56988856753
56988857146
56988857820
56988858276
56988858593
56988858663
56988860855
56988861002
56988865578
56988866985
56988867982
56988869696
56988870879
56988871169
56988871238
56988871279
56988872156
56988872236
56988873181
56988873389
56988873656
56988874212
56988875030
56988875143
56988879093
56988881281
56988882446
56988887869
56988890600
56988890982
56988902467
56988902844
56988905115
56988905782
56988909067
56988911733
56988911918
56988914576
56988917285
56988917997
56988918967
56988919048
56988922586
56988923172
56988923621
56988923966
56988924754
56988924779
56988925023
56988926729
56988928340
56988928758
56988935389
56988938377
56988939012
56988939704
56988941605
56988941613
56988941662
56988945090
56988947047
56988947987
56988948534
56988949358
56988951346
56988952958
56988956118
56988956956
56988957807
56988960328
56988961537
56988962581
56988963431
56988964123
56988965015
56988966516
56988967706
56988973374
56988974257
56988975745
56988976291
56988976611
56988978399
56988982122
56988986173
56988987383
56988987515
56988988012
56988988330
56988988958
56988989130
56988989341
56988992329
56988992431
56988992865
56988998098
56988999516
56989187124
56989208251
56989232557
56989234700
56989264882
56989265598
56989325631
56989605830
56989635151
56989681984
56989766653
56989894028
56989951493
56989970834
56989972930
56990030526
56990042383
56990059346
56990061980
56990075519
56990135230
56990189770
56990460889
56990461860
56990556363
56990631648
56990659900
56990700122
56990701128
56990702793
56990702894
56990702973
56990703324
56990703468
56990703475
56990703586
56990704936
56990705365
56990708006
56990708398
56990709382
56990709908
56990710550
56990710588
56990710877
56990710884
56990711215
56990711286
56990711700
56990712429
56990712502
56990712598
56990713556
56990713755
56990713763
56990714297
56990714869
56990716323
56990716452
56990720599
56990720940
56990721623
56990723718
56990723968
56990725363
56990725631
56990725947
56990726826
56990728275
56990729639
56990730927
56990731095
56990732728
56990736912
56990738374
56990738578
56990739421
56990739806
56990741373
56990741395
56990741508
56990743491
56990744973
56990746009
56990746550
56990747544
56990748044
56990748220
56990748846
56990749815
56990750157
56990750205
56990751127
56990751864
56990752133
56990752823
56990753137
56990753428
56990754276
56990755343
56990756299
56990756748
56990757844
56990763049
56990763271
56990763667
56990765979
56990767115
56990767656
56990768174
56990768653
56990769520
56990769695
56990769880
56990770063
56990770159
56990771083
56990771620
56990772415
56990774905
56990777579
56990778774
56990781049
56990782959
56990786941
56990788632
56990789147
56990790836
56990798371
56990800145
56990803993
56990804401
56990804410
56990805391
56990805515
56990805542
56990806351
56990807696
56990808438
56990809664
56990810147
56990810178
56990810914
56990812665
56990816213
56990816613
56990816961
56990817010
56990817331
56990817787
56990818684
56990818706
56990819365
56990819770
56990820048
56990820107
56990820231
56990820698
56990820899
56990821120
56990821654
56990823496
56990824287
56990825655
56990828659
56990829583
56990829644
56990830991
56990831443
56990832140
56990832436
56990836281
56990838731
56990842083
56990844150
56990846864
56990847088
56990848779
56990850177
56990851341
56990853914
56990854471
56990855212
56990856386
56990856778
56990856936
56990858095
56990858309
56990859378
56990860282
56990861227
56990861477
56990862127
56990862895
56990862906
56990863137
56990863445
56990863456
56990867673
56990868673
56990869858
56990869948
56990872144
56990873475
56990876089
56990877567
56990878250
56990879081
56990879097
56990879902
56990885347
56990886338
56990889860
56990892023
56990895817
56990896432
56990896657
56990896786
56990897633
56990900545
56990901001
56990901659
56990903061
56990903415
56990904119
56990904452
56990909138
56990909143
56990909153
56990909501
56990909719
56990909844
56990909949
56990912054
56990912143
56990913002
56990913017
56990913600
56990914412
56990914873
56990917868
56990919038
56990919839
56990920425
56990920760
56990920909
56990920935
56990925065
56990929376
56990929849
56990930775
56990931134
56990931506
56990933115
56990933441
56990933487
56990933719
56990933741
56990934272
56990934821
56990935559
56990935622
56990936075
56990936646
56990936763
56990937869
56990938161
56990938714
56990940057
56990941106
56990941482
56990943940
56990944647
56990946795
56990947400
56990947416
56990948176
56990948605
56990948763
56990949067
56990949225
56990950333
56990951063
56990951376
56990952879
56990953761
56990957089
56990960503
56990961465
56990962360
56990964649
56990964906
56990965453
56990969040
56990972035
56990972432
56990972875
56990973167
56990974821
56990975423
56990975885
56990976733
56990978061
56990978342
56990978486
56990978770
56990979734
56990980369
56990981352
56990981661
56990982096
56990984210
56990984481
56990985087
56990985627
56990986318
56990986330
56990986498
56990986918
56990987073
56990987370
56990987923
56990988743
56990991807
56990994188
56990997633
56991073919
56991078004
56991097030
56991200807
56991200901
56991201876
56991202781
56991204026
56991207289
56991208803
56991209921
56991210186
56991210194
56991211748
56991212389
56991212935
56991213075
56991216331
56991216760
56991218251
56991220411
56991220502
56991220556
56991220620
56991221128
56991221267
56991221493
56991222536
56991222916
56991224157
56991225575
56991227661
56991227736
56991228309
56991229127
56991229268
56991229883
56991233074
56991233406
56991233499
56991236218
56991236596
56991238489
56991242131
56991243166
56991243410
56991243699
56991244838
56991245452
56991246849
56991246979
56991247445
56991247754
56991247987
56991248147
56991248905
56991249233
56991251591
56991251953
56991252640
56991252804
56991256000
56991256709
56991258367
56991258663
56991261951
56991262110
56991262586
56991262727
56991266260
56991268303
56991270864
56991275811
56991277909
56991278099
56991278213
56991278448
56991279506
56991285168
56991286947
56991289122
56991289800
56991290658
56991291017
56991297315
56991300587
56991301487
56991302514
56991303565
56991303582
56991303929
56991304372
56991304839
56991306419
56991306500
56991308644
56991309020
56991309164
56991309701
56991310677
56991312197
56991313312
56991313368
56991314355
56991314549
56991314681
56991314682
56991315429
56991315956
56991316457
56991316778
56991319024
56991319463
56991319662
56991319666
56991320000
56991321827
56991322567
56991322754
56991322979
56991323335
56991330032
56991330929
56991333859
56991336779
56991337543
56991337920
56991338393
56991345495
56991346610
56991348280
56991348921
56991349689
56991350833
56991351189
56991352763
56991353992
56991356573
56991359646
56991359942
56991360025
56991361256
56991361582
56991361820
56991362301
56991362494
56991362528
56991363285
56991365249
56991366427
56991372216
56991372310
56991372752
56991373859
56991374182
56991374404
56991376083
56991378468
56991379360
56991382416
56991384623
56991385388
56991394053
56991395015
56991396198
56991397822
56991401031
56991401206
56991401302
56991401466
56991402147
56991403202
56991403468
56991403968
56991404220
56991405354
56991405438
56991407497
56991410421
56991410965
56991411201
56991412052
56991413690
56991413869
56991414412
56991414414
56991415027
56991415424
56991415573
56991417889
56991418307
56991424091
56991424585
56991425228
56991425296
56991425303
56991425448
56991425743
56991426679
56991426978
56991427164
56991427182
56991449555
56991453728
56991485560
56991501927
56991503870
56991504124
56991506478
56991506966
56991507268
56991507861
56991508183
56991508218
56991510119
56991510142
56991510549
56991511072
56991512580
56991513105
56991513492
56991516677
56991519029
56991520227
56991521337
56991522395
56991522940
56991523453
56991523647
56991524834
56991527145
56991530343
56991532146
56991533072
56991534586
56991535015
56991536690
56991537448
56991538104
56991539012
56991539692
56991540528
56991542649
56991545655
56991546413
56991546415
56991546606
56991548099
56991549251
56991551925
56991552455
56991552522
56991552678
56991555182
56991557768
56991558620
56991558714
56991558812
56991559096
56991559183
56991560838
56991561482
56991562256
56991562960
56991563297
56991563503
56991564100
56991564510
56991565401
56991565840
56991566283
56991567590
56991568017
56991568488
56991571853
56991572641
56991573778
56991573972
56991574618
56991577368
56991578566
56991578739
56991585270
56991587460
56991592858
56991596429
56991596573
56991596574
56991597684
56991598048
56991598880
56991599786
56991599792
56991647891
56991650538
56991671017
56991732055
56991827965
56991851702
56991984017
56992046578
56992100676
56992101889
56992102632
56992103028
56992103261
56992103560
56992103607
56992103723
56992104259
56992106039
56992107075
56992109167
56992109333
56992111524
56992112249
56992112377
56992112635
56992115160
56992115897
56992117448
56992118037
56992118626
56992119138
56992119574
56992120151
56992121413
56992123898
56992124871
56992126305
56992126387
56992128240
56992128522
56992128784
56992128846
56992129497
56992129580
56992129981
56992130663
56992131085
56992131272
56992131488
56992131518
56992132191
56992132305
56992132625
56992135902
56992135988
56992140151
56992141333
56992141832
56992142821
56992144406
56992144748
56992145031
56992145755
56992146292
56992146440
56992146862
56992148340
56992148367
56992149162
56992150182
56992150620
56992151839
56992151875
56992152837
56992153281
56992153327
56992153374
56992153578
56992154788
56992155713
56992157212
56992157703
56992158001
56992158681
56992160798
56992162114
56992162910
56992163709
56992165263
56992165924
56992166571
56992167329
56992167744
56992167747
56992168303
56992174845
56992177197
56992177449
56992177584
56992177921
56992178011
56992178286
56992179662
56992180885
56992182421
56992184406
56992189585
56992191263
56992191614
56992194136
56992195970
56992199701
56992288532
56992507617
56992516928
56992551475
56992564653
56992564823
56992780956
56992842856
56992892884
56992895769
56992896731
56992898366
56992899571
56992899851
56992900321
56992900657
56992900956
56992901101
56992901239
56992903288
56992904103
56992904765
56992906677
56992907742
56992907903
56992908393
56992909147
56992909746
56992909857
56992910488
56992910532
56992910710
56992911287
56992911986
56992912789
56992912872
56992917055
56992917676
56992918041
56992918892
56992921340
56992923983
56992925216
56992925353
56992930270
56992931576
56992931686
56992932874
56992933507
56992933554
56992937990
56992939883
56992940864
56992943402
56992945049
56992945227
56992945701
56992947178
56992947848
56992948024
56992950189
56992952010
56992952210
56992952813
56992952897
56992953688
56992954467
56992954653
56992955141
56992955319
56992956179
56992956730
56992957292
56992958154
56992958279
56992958381
56992959558
56992960182
56992960552
56992960597
56992962055
56992962295
56992962819
56992963122
56992963489
56992964314
56992965488
56992965878
56992966129
56992966720
56992967147
56992967465
56992967745
56992968500
56992969606
56992970284
56992970502
56992972266
56992972409
56992973344
56992973742
56992974071
56992974421
56992975664
56992975973
56992976596
56992977434
56992978224
56992978701
56992979746
56992980542
56992983034
56992983221
56992986626
56992987056
56992988946
56992988947
56992989323
56992989796
56992989976
56992990721
56992990756
56992990782
56992991579
56992992294
56992992857
56992993572
56992995409
56992995700
56992995771
56992996144
56992998235
56992998939
56993000768
56993001348
56993001497
56993002365
56993004272
56993007055
56993008217
56993008426
56993009267
56993010131
56993011124
56993011812
56993012180
56993012239
56993014429
56993016200
56993016489
56993018281
56993018413
56993019358
56993019541
56993021283
56993021763
56993022461
56993022888
56993023775
56993026235
56993026771
56993026779
56993028347
56993028433
56993028581
56993028582
56993028689
56993030112
56993030252
56993030770
56993031541
56993033582
56993033633
56993034247
56993034262
56993034770
56993036866
56993036960
56993037197
56993038902
56993039514
56993039901
56993040511
56993042137
56993043618
56993045748
56993046299
56993046800
56993046880
56993048540
56993050019
56993050022
56993052203
56993053109
56993055920
56993056258
56993056408
56993057606
56993059101
56993059279
56993060648
56993061667
56993063638
56993066106
56993067831
56993069486
56993071463
56993074093
56993074135
56993074200
56993074206
56993076293
56993076833
56993079718
56993079781
56993082231
56993086330
56993090440
56993099513
56993101137
56993101682
56993101828
56993101994
56993102733
56993103189
56993103356
56993103490
56993104077
56993105734
56993106300
56993108304
56993109042
56993111617
56993113109
56993114016
56993114211
56993114326
56993116503
56993119784
56993124191
56993125190
56993127503
56993128300
56993128600
56993128749
56993128752
56993131542
56993133545
56993135115
56993138708
56993139184
56993140298
56993140956
56993141162